[[9416051805471137738813684139186535064245845113098813031765571398452837151091
  110123307183091189326830525038068312937327880600103417073223720295640098268574605766174995517105186926092061869182680741838666946811538149982866720700916
  274666331425884952574345851886875641491596842463250868395631609543379534815782847985082547171006943723533071366265776285667223861986144333317010142714575402862719187408965101540883712721574483942128862736675565616764644550112560
  9870299032939992755758239685683584922449551667041085134347025839658221867758972054073358047437558056036511932853798809800679164590168155338676676659686514318890063283165039217413636167105585923590077070673048749798824324355760192
  279434206719111837985983276517410654442561492755296024171029933369005105467115836617925390078987460554717555736278016573687673578821965270007075026319732913455955163060062877742563091376816424158576912184402807506993426676205304735541745760467155708843092919365904623057621436727701085703356677366882205696
  128437109957866143512462534329206837165386313895461571522892048253727164110004075954675483207100892451647063470671207992317535368911549758912422464195904808778142002989747571812166770398216537564849595898695856651760768800163373050680747278851424180182294782786513319818531234539204149400648691870760864587850438148037803637785576921561881635594146278414103289516929708944539953152
  243492062815234297882539587767822244598755950905979868165853056010722637108754662282144177115025836135452162556898908418841246203771856512963814852743528313860412254035583485495391676146276899502854822651110855468812961200243076615682689062681530250658849671802500477470344798931610785956214173679158356881694980304623098260122745770452231990561515662063141635386889590960116778856852513336126280715759194984344639858833588607622415571705089898289567145210266397955986682775177096228158202233418013626461151204184250887918157570048]
 [5499726897671461928946213753866928937655208078519594914771261546648788465373
  59789782739494621829389719095716621922014432067821072920122981654176344817933764599192461242348789156250214904438825909530373650078525518367931599734928
  14375077159546669476192327805827916944762990879107972959096296426625572096474182769553351201247194630946189527133826588372287105762038915002522893557533664
  1315996033108858280472909456900739875035123382063229449718241019252133374955958784304917039463782813926450364262364683536763620202721664315665745250886015926460489914208821959206641441946170815287291719059665038689979632637573520652561485975341021176772478072020393957603578515181353142875704639826641600
  89194400805430787571418769066941347288585476482159222001020715338767254646869563920453863351105372453849576942606599040261913664668618378596008323133307604071878545351761141779434201042153456818474326880289289003348348247092318252639441169077685862420897963101170448877767556812636730481205367998803918336
  942309000609242420259801654925507305325640405008539489030197782596222765256050312361343596182709608905451414647067332106901101329055145680183997466906689362362082654588045960540284774656302964378845504603697152373632579258341481871831196872389530464806836212484725274995142424833548810398636831174255731006780255392236538934365610271459111183593787491630002705741555721746165574656
  37654434774798748209251631671351279759346209323623779610584566298950075262076119206333854286159643254539337127000495236218857322690381225338293377381776597827151039306549760482257711959024345999976370790673738162683254467981086156674533579475711124090186024291332849686047558103513313063773925332617411213377017750967103572531438453666968078579973328683014010587684816335194014831740279929149158625209704002718749186217809930830783253961799974887206685803279324161713202402704255292314970765693174704021711383155500309862604218368]
 [381542531934121514071115398300119118886776780956051114140976721676685877539
  86677185367090819980766295873353714013979054328201900760633025859809111072965501808958374691484127957445104684060138835560729947849411405937158967529812
  2860887591949091468234836737769192315788211943999375453775921401859143341067343499591698887717500651367669168790761556899644362571806270553327652034791712
  12716609509697201655028963990738200576089173747544648455509813326461849512227017817606191882359963208088540221364560904296612191397491890139743935344380044601760884453349077430289877454030799248690221002906364807356617931510491576820709663914139698331018164426624174005425267025727327688219606863482112
  2632495463360175220987056849624050292004699994953791166557344212911377688653236063576419874533629699425257749123196890525020791606829346035239196008064351616150497147117507916498269605230877810128004000791899939792813769338030951381188045774260766018064181239525840285367469534120309306727903594154783612073976841888639545641352244734105523887990933097526203531903329405476512256
  1226705458373088880894540123797322444763281528634204397402315889443761485785345051975267880427004442191241340903553578375604215360216434432061504351911907153227968518351058440981511194823782440415298181236523692102531424458703236484052851561274826863781917517226290483164747301313215141214358934602369074022734797005748818418033673454917563376695111393832659989671900077266218328064
  51735236059666157403931554350484141612921590503870081660014172545416075736912507410108603142602613615215885317339623113954030171923938241924176983017735340256173932340644676917545676090722713239227760709697542718397511085858429053827911890773035825128830554183854767548594382042918209047277284774447310562658712198241307833287250365167065317959477813140463789439039731663756856503725589911330885133616908543230864765171327852741289841117135057110366185353547200813593064800277003491975232949237222816801239523315109931530627186688]
 [362
  1206076308575253702353823772670397529918548669187582331660395314995232368150188
  318783813843481777926605401102061692986087124442905784261586649049000915301040475645993108793439584681492149471858832645385546335715539373744292294134271609427916908450577871525390529228256541537184269821125962118329874780677648
  59963921944477549974832012526558921934881486819317269086860126905592806534956762554069724077665766235169185276284732618939464398412450146719178607075388748644083993479679335997520436263318146062111144910555063081484586872777851392
  6953766431678982434448848195937610220766311938951226817698632332942472510927188207738318668983576379879287191204736715754590551787294631512607654803362780144126498559708541825863498482874513324998439948398991784373790137895006197220006056408287209021480453432901746304548274762103111783404721941193156844900972021171369264300147628511852722466776630453287005939943262423729662464
  688055946202854340245335005335036627671712395868544133158350258502109807732164692614332945752326209562394982878595757101701082333454730851316548915335204332740046444587933420422321984276160022668837120885870660634432690000875212771504003279561200965262293479213464213313560185031450800360617992164790346006341632935916805202422733508367223047825783634361267622412123440774321177600
  284039324456605753709293679186391442780285636748316041565618685060113456183612673697566251109800475731016070409346843615056018817564232922227173608312446151945895090663909595318289893094727516944564446898357920159986822771490976348505102599769668749728515001194189254222605715260474104130625512843831347553720540711816426761663145811693973673653850592946741439602462355567462771378656839053172287915746511729071362975468021164729924322345438029351127808421024370552396922696451649401625435825091565296320153728503638798682535657472]]