[[349
  13104765603760578949920628986815784501020983245010014094014505182810497824580657247396298425240154143790091152382670120619825145933789699575143512890000
  18538834141548017599505546596591851395538055447143798368672411790904074511120649142391208997576985956297443288034242228041833720002596598518448937968229892346849345670487113956030570870654912809874619098909132848077269659014796
  159193386521738903379277817143605619766530956283055774089328655495161504276177832243602176464692811887386719928077325142086224051440640998378541310873130851055573000675470779937653019707554932988320388333161333293058547408562389353192779651932821770690687444608666742216635479830614427469045332475419300]
 [4500781719514540804467276280201327695548313136160160313394207651098305973517
  33025451814765635372201148930819808147522922217104034503268608421546210870809543524265399480066851531162949808752318808206755519003637832253158717119146
  643719101037743252776020890308577223917638802997290985024545966600900923549519422014497214300370696981852299839626427907804781064074459437575189046222061
  95855745806929158042188525658749687486657314862404252522110036048780573692549181440093506003456431956071389014635928642114678449749312393810672935683482089610529495744626418987049956922256177313990593041467255482151887513721264730868507113885926868095068128038326026405903765941631550452854271087871942]
 [1570946838275116660391749692060764018628543986457487842815037198479654541420
  11262087123626022695292812045346450383994581679571581401606648947878873624782805000352960771732021547718683675227498632300696500301281404564803776658375
  1600665504113009084489032788545082828822021391361079882302415066375420304151870133668232536708584606671349205348343110008296179734039556226001140578536849
  84473531455213600112930774283459826733299724978043832809098367076747530903455016143929191566473937306907904701843314691358688386296341673576986975656038131632501414568042171037837739669076580440553933034827178192726484477840419533759100590999371026182248948453554152586331418497471893539073297261166397]]